2.34 5.67 0
8.76 2.43 0
14.21 8.15 0
19.58 3.92 0
25.13 9.86 0
30.87 5.54 0
36.42 11.28 0
3.89 13.46 0
9.45 18.72 0
15.06 11.39 0
20.73 16.58 0
26.31 21.94 0
31.96 15.27 0
37.52 22.83 0
4.18 24.65 0
10.64 29.31 0
16.27 20.46 0
22.85 26.19 0
28.44 32.76 0
34.01 27.38 0
38.67 33.52 0
5.92 35.14 0
11.38 38.27 0
17.93 33.48 0
23.49 37.86 0
29.05 34.21 0
34.63 38.09 0
39.14 30.45 0
1.86 19.37 0
7.33 23.86 0
12.89 28.14 0
18.46 31.59 0
24.02 36.23 0
30.58 28.75 0
36.15 37.84 0
13.78 39.52 0
19.34 38.96 0
25.91 37.41 0
31.47 39.28 0
37.03 35.19 0